Simbolo	|Frecuencia	|Probabilidad	|Frecuencia Bits	|Esperanza
!		|35.0		|0,0022			|8,8283				|0,0194
,		|225.0		|0,0141			|6,1482				|0,0867
.		|170.0		|0,0107			|6,5462				|0,0700
:		|40.0		|0,0025			|8,6439				|0,0216
a		|2264.0		|0,1423			|2,8130				|0,4003
b		|205.0		|0,0129			|6,2765				|0,0810
c		|545.0		|0,0342			|4,8699				|0,1666
d		|605.0		|0,0380			|4,7179				|0,1793
e		|1779.0		|0,1118			|3,1610				|0,3534
f		|75.0		|0,0047			|7,7331				|0,0363
g		|200.0		|0,0126			|6,3104				|0,0795
h		|100.0		|0,0063			|7,3104				|0,0461
i		|800.0		|0,0503			|4,3133				|0,2170
j		|60.0		|0,0038			|8,0398				|0,0306
l		|825.0		|0,0518			|4,2709				|0,2212
m		|515.0		|0,0324			|4,9479				|0,1603
n		|1120.0		|0,0704			|3,8283				|0,2695
o		|1400.0		|0,0880			|3,5064				|0,3086
p		|445.0		|0,0280			|5,1584				|0,1444
q		|120.0		|0,0075			|7,0589				|0,0529
r		|830.0		|0,0522			|4,2598				|0,2224
s		|1315.0		|0,0826			|3,5977				|0,2972
t		|705.0		|0,0443			|4,4965				|0,1992
u		|605.0		|0,0380			|4,7179				|0,1793
v		|155.0		|0,0097			|6,6878				|0,0649
x		|15.0		|0,0009			|10,1178				|0,0091
y		|195.0		|0,0123			|6,3452				|0,0780
z		|50.0		|0,0031			|8,3335				|0,0258
¡		|35.0		|0,0022			|8,8283				|0,0194
á		|90.0		|0,0057			|7,4548				|0,0425
é		|25.0		|0,0016			|9,2877				|0,0149
í		|75.0		|0,0047			|7,7331				|0,0363
ñ		|90.0		|0,0057			|7,4548				|0,0425
ó		|190.0		|0,0119			|6,3929				|0,0761
ú		|10.0		|0,0006			|10,7027				|0,0064



cantidad total frecuencia de simbolos contados = 15913
cantidad total probabilidad de simbolos contados = 1.0000
Orden de mayor a menor frecuencia de aparición obtenida: 
a|e|o|s|n|r|l|i|t|d|d|c|m|p|,|b|g|y|ó|.|v|q|h|á|á|f|f|j|z|:|¡|¡|é|x|ú|
