8 bits

Voltaje = 7.8125 mV


Tamano del Segmento = 125.0

Tabla de Segmentos
|0|0 - 125|
|1|125 - 250|
|2|250 - 375|
|3|375 - 500|
|4|500 - 625|
|5|625 - 750|
|6|750 - 875|
|7|875 - 1000|



Tabla de Intervalos
|0|0 - 7,8125|
|1|7,8125 - 15,625|
|2|15,625 - 23,4375|
|3|23,4375 - 31,25|
|4|31,25 - 39,0625|
|5|39,0625 - 46,875|
|6|46,875 - 54,6875|
|7|54,6875 - 62,5|
|8|62,5 - 70,3125|
|9|70,3125 - 78,125|
|10|78,125 - 85,9375|
|11|85,9375 - 93,75|
|12|93,75 - 101,5625|
|13|101,5625 - 109,375|
|14|109,375 - 117,1875|
|15|117,1875 - 125|

