9 bits

Voltaje = 3.9062 mV


Tamano del Segmento = 62.5

Tabla de Segmentos
|0|0 - 62,5|
|1|62,5 - 125|
|2|125 - 187,5|
|3|187,5 - 250|
|4|250 - 312,5|
|5|312,5 - 375|
|6|375 - 437,5|
|7|437,5 - 500|
|8|500 - 562,5|
|9|562,5 - 625|
|10|625 - 687,5|
|11|687,5 - 750|
|12|750 - 812,5|
|13|812,5 - 875|
|14|875 - 937,5|
|15|937,5 - 1000|



Tabla de Intervalos
|0|0 - 3,9062|
|1|3,9062 - 7,8125|
|2|7,8125 - 11,7188|
|3|11,7188 - 15,625|
|4|15,625 - 19,5312|
|5|19,5312 - 23,4375|
|6|23,4375 - 27,3438|
|7|27,3438 - 31,25|
|8|31,25 - 35,1562|
|9|35,1562 - 39,0625|
|10|39,0625 - 42,9688|
|11|42,9688 - 46,875|
|12|46,875 - 50,7812|
|13|50,7812 - 54,6875|
|14|54,6875 - 58,5938|
|15|58,5938 - 62,5|

